BoneCount: 163
RootBone: 0
BoneName: RootNode
BoneIndex: 0
ParentIndex: -1
BoneChildCount: 2
1
2
1.000000 0.000000 0.000000 0.000000
0.000000 1.000000 0.000000 0.000000
0.000000 0.000000 1.000000 0.000000
0.000000 0.000000 0.000000 1.000000
1.000000 0.000000 -0.000000 0.000000
0.000000 1.000000 -0.000000 0.000000
-0.000000 -0.000000 1.000000 -0.000000
0.000000 0.000000 -0.000000 1.000000
BoneName: Ch36
BoneIndex: 1
ParentIndex: 0
BoneChildCount: 0
1.000000 0.000000 0.000000 0.000000
0.000000 1.000000 0.000000 0.000000
0.000000 0.000000 1.000000 0.000000
0.000000 0.000000 0.000000 1.000000
1.000000 0.000000 -0.000000 0.000000
0.000000 1.000000 -0.000000 0.000000
-0.000000 -0.000000 1.000000 -0.000000
0.000000 0.000000 -0.000000 1.000000
BoneName: mixamorig1:Hips
BoneIndex: 2
ParentIndex: 0
BoneChildCount: 3
3
137
150
1.000000 0.000000 -0.000000 0.000000
0.000000 1.000000 -0.000000 0.000000
-0.000000 -0.000000 1.000000 -0.000000
0.000000 -0.997544 0.030079 1.000000
1.000000 0.000000 -0.000000 0.000000
0.000000 1.000000 -0.000000 0.000000
-0.000000 -0.000000 1.000000 -0.000000
-0.000000 0.997540 -0.030079 1.000000
BoneName: mixamorig1:Spine_$AssimpFbx$_Translation
BoneIndex: 3
ParentIndex: 2
BoneChildCount: 1
4
1.000000 0.000000 0.000000 0.000000
0.000000 1.000000 0.000000 0.000000
0.000000 0.000000 1.000000 0.000000
0.000000 0.000000 0.000000 1.000000
1.000000 0.000000 -0.000000 0.000000
0.000000 1.000000 -0.000000 0.000000
-0.000000 -0.000000 1.000000 -0.000000
0.000000 0.097173 0.011802 1.000000
BoneName: mixamorig1:Spine_$AssimpFbx$_PreRotation
BoneIndex: 4
ParentIndex: 3
BoneChildCount: 1
5
1.000000 0.000000 0.000000 0.000000
0.000000 1.000000 0.000000 0.000000
0.000000 0.000000 1.000000 0.000000
0.000000 0.000000 0.000000 1.000000
1.000000 0.000000 -0.000000 0.000000
0.000000 0.992705 0.120572 0.000000
-0.000000 -0.120572 0.992705 -0.000000
0.000000 0.000000 -0.000000 1.000000
BoneName: mixamorig1:Spine
BoneIndex: 5
ParentIndex: 4
BoneChildCount: 1
6
1.000000 0.000000 -0.000000 0.000000
0.000000 0.992705 -0.120572 0.000000
-0.000000 0.120572 0.992705 -0.000000
0.000000 -1.084526 0.150136 1.000000
1.000000 0.000000 -0.000000 0.000000
0.000000 1.000000 -0.000000 0.000000
-0.000000 -0.000000 1.000000 -0.000000
0.000000 0.000000 -0.000000 1.000000
BoneName: mixamorig1:Spine1
BoneIndex: 6
ParentIndex: 5
BoneChildCount: 1
7
1.000000 0.000000 -0.000000 0.000000
0.000000 0.992705 -0.120572 0.000000
-0.000000 0.120572 0.992705 -0.000000
0.000000 -1.198728 0.150136 1.000000
1.000000 0.000000 -0.000000 0.000000
0.000000 1.000000 -0.000000 0.000000
-0.000000 -0.000000 1.000000 -0.000000
0.000000 0.114201 0.000000 1.000000
BoneName: mixamorig1:Spine2
BoneIndex: 7
ParentIndex: 6
BoneChildCount: 3
8
13
75
1.000000 0.000000 -0.000000 0.000000
0.000000 0.992705 -0.120572 0.000000
-0.000000 0.120572 0.992705 -0.000000
0.000000 -1.329243 0.150136 1.000000
1.000000 0.000000 -0.000000 0.000000
0.000000 1.000000 -0.000000 0.000000
-0.000000 -0.000000 1.000000 -0.000000
0.000000 0.130516 -0.000000 1.000000
BoneName: mixamorig1:Neck_$AssimpFbx$_Translation
BoneIndex: 8
ParentIndex: 7
BoneChildCount: 1
9
1.000000 0.000000 0.000000 0.000000
0.000000 1.000000 0.000000 0.000000
0.000000 0.000000 1.000000 0.000000
0.000000 0.000000 0.000000 1.000000
1.000000 0.000000 -0.000000 0.000000
0.000000 1.000000 -0.000000 0.000000
-0.000000 -0.000000 1.000000 -0.000000
0.000000 0.146830 -0.000000 1.000000
BoneName: mixamorig1:Neck_$AssimpFbx$_PreRotation
BoneIndex: 9
ParentIndex: 8
BoneChildCount: 1
10
1.000000 0.000000 0.000000 0.000000
0.000000 1.000000 0.000000 0.000000
0.000000 0.000000 1.000000 0.000000
0.000000 0.000000 0.000000 1.000000
1.000000 0.000000 -0.000000 0.000000
0.000000 0.992705 -0.120572 0.000000
-0.000000 0.120572 0.992705 -0.000000
0.000000 0.000000 -0.000000 1.000000
BoneName: mixamorig1:Neck
BoneIndex: 10
ParentIndex: 9
BoneChildCount: 1
11
1.000000 0.000000 -0.000000 0.000000
0.000000 1.000000 -0.000000 0.000000
-0.000000 -0.000000 1.000000 -0.000000
0.000000 -1.483407 -0.028933 1.000000
1.000000 0.000000 -0.000000 0.000000
0.000000 1.000000 -0.000000 0.000000
-0.000000 -0.000000 1.000000 -0.000000
0.000000 0.000000 -0.000000 1.000000
BoneName: mixamorig1:Head
BoneIndex: 11
ParentIndex: 10
BoneChildCount: 1
12
1.000000 0.000000 -0.000000 0.000000
0.000000 1.000000 -0.000000 0.000000
-0.000000 -0.000000 1.000000 -0.000000
0.000000 -1.550609 -0.009212 1.000000
1.000000 0.000000 -0.000000 0.000000
0.000000 1.000000 -0.000000 0.000000
-0.000000 -0.000000 1.000000 -0.000000
0.000000 0.067202 -0.019722 1.000000
BoneName: mixamorig1:HeadTop_End
BoneIndex: 12
ParentIndex: 11
BoneChildCount: 0
1.000000 0.000000 0.000000 0.000000
0.000000 1.000000 0.000000 0.000000
0.000000 0.000000 1.000000 0.000000
0.000000 0.000000 0.000000 1.000000
1.000000 0.000000 -0.000000 0.000000
0.000000 1.000000 -0.000000 0.000000
-0.000000 -0.000000 1.000000 -0.000000
0.000000 0.209998 -0.061628 1.000000
BoneName: mixamorig1:LeftShoulder_$AssimpFbx$_Translation
BoneIndex: 13
ParentIndex: 7
BoneChildCount: 1
14
1.000000 0.000000 0.000000 0.000000
0.000000 1.000000 0.000000 0.000000
0.000000 0.000000 1.000000 0.000000
0.000000 0.000000 0.000000 1.000000
1.000000 0.000000 -0.000000 0.000000
0.000000 1.000000 -0.000000 0.000000
-0.000000 -0.000000 1.000000 -0.000000
0.061402 0.130007 0.002336 1.000000
BoneName: mixamorig1:LeftShoulder_$AssimpFbx$_PreRotation
BoneIndex: 14
ParentIndex: 13
BoneChildCount: 1
15
1.000000 0.000000 0.000000 0.000000
0.000000 1.000000 0.000000 0.000000
0.000000 0.000000 1.000000 0.000000
0.000000 0.000000 0.000000 1.000000
-0.037604 -0.000195 0.999293 0.000000
0.964558 -0.261369 0.036246 0.000000
0.261177 0.965239 0.010016 -0.000000
0.000000 0.000000 -0.000000 1.000000
BoneName: mixamorig1:LeftShoulder
BoneIndex: 15
ParentIndex: 14
BoneChildCount: 1
16
-0.037604 0.964558 0.261177 0.000000
-0.120681 -0.263832 0.956989 0.000000
0.991979 0.004467 0.126325 -0.000000
0.150289 0.327535 -1.423082 1.000000
1.000000 0.000000 -0.000000 0.000000
0.000000 1.000000 -0.000000 0.000000
-0.000000 -0.000000 1.000000 -0.000000
0.000000 0.000000 -0.000000 1.000000
BoneName: mixamorig1:LeftArm_$AssimpFbx$_Translation
BoneIndex: 16
ParentIndex: 15
BoneChildCount: 1
17
1.000000 0.000000 0.000000 0.000000
0.000000 1.000000 0.000000 0.000000
0.000000 0.000000 1.000000 0.000000
0.000000 0.000000 0.000000 1.000000
1.000000 0.000000 -0.000000 0.000000
0.000000 1.000000 -0.000000 0.000000
-0.000000 -0.000000 1.000000 -0.000000
-0.000000 0.130059 0.000000 1.000000
BoneName: mixamorig1:LeftArm_$AssimpFbx$_PreRotation
BoneIndex: 17
ParentIndex: 16
BoneChildCount: 1
18
1.000000 0.000000 0.000000 0.000000
0.000000 1.000000 0.000000 0.000000
0.000000 0.000000 1.000000 0.000000
0.000000 0.000000 0.000000 1.000000
0.999536 -0.030449 -0.000000 0.000000
0.029851 0.979907 0.197208 0.000000
-0.006005 -0.197116 0.980362 -0.000000
0.000000 0.000000 -0.000000 1.000000
BoneName: mixamorig1:LeftArm
BoneIndex: 18
ParentIndex: 17
BoneChildCount: 1
19
-0.066956 0.995561 0.066141 0.000000
-0.112592 -0.073406 0.990926 0.000000
0.991383 0.058902 0.117007 -0.000000
0.144207 -0.082652 -1.434963 1.000000
1.000000 0.000000 -0.000000 0.000000
0.000000 1.000000 -0.000000 0.000000
-0.000000 -0.000000 1.000000 -0.000000
0.000000 0.000000 -0.000000 1.000000
BoneName: mixamorig1:LeftForeArm_$AssimpFbx$_Translation
BoneIndex: 19
ParentIndex: 18
BoneChildCount: 1
20
1.000000 0.000000 0.000000 0.000000
0.000000 1.000000 0.000000 0.000000
0.000000 0.000000 1.000000 0.000000
0.000000 0.000000 0.000000 1.000000
1.000000 0.000000 -0.000000 0.000000
0.000000 1.000000 -0.000000 0.000000
-0.000000 -0.000000 1.000000 -0.000000
-0.000000 0.255608 0.000000 1.000000
BoneName: mixamorig1:LeftForeArm_$AssimpFbx$_PreRotation
BoneIndex: 20
ParentIndex: 19
BoneChildCount: 1
21
1.000000 0.000000 0.000000 0.000000
0.000000 1.000000 0.000000 0.000000
0.000000 0.000000 1.000000 0.000000
0.000000 0.000000 0.000000 1.000000
0.993622 0.112763 -0.000000 0.000000
-0.112216 0.988805 0.098344 0.000000
0.011090 -0.097717 0.995152 -0.000000
0.000000 0.000000 -0.000000 1.000000
BoneName: mixamorig1:LeftForeArm
BoneIndex: 21
ParentIndex: 20
BoneChildCount: 1
22
0.045733 0.998435 -0.032202 0.000000
-0.120151 0.037499 0.992047 0.000000
0.991702 -0.041500 0.121678 -0.000000
0.105144 -0.491772 -1.393355 1.000000
1.000000 0.000000 -0.000000 0.000000
0.000000 1.000000 -0.000000 0.000000
-0.000000 -0.000000 1.000000 -0.000000
0.000000 0.000000 -0.000000 1.000000
BoneName: mixamorig1:LeftHand_$AssimpFbx$_Translation
BoneIndex: 22
ParentIndex: 21
BoneChildCount: 1
23
1.000000 0.000000 0.000000 0.000000
0.000000 1.000000 0.000000 0.000000
0.000000 0.000000 1.000000 0.000000
0.000000 0.000000 0.000000 1.000000
1.000000 0.000000 -0.000000 0.000000
0.000000 1.000000 -0.000000 0.000000
-0.000000 -0.000000 1.000000 -0.000000
-0.000000 0.234041 -0.000000 1.000000
BoneName: mixamorig1:LeftHand_$AssimpFbx$_PreRotation
BoneIndex: 23
ParentIndex: 22
BoneChildCount: 1
24
1.000000 0.000000 0.000000 0.000000
0.000000 1.000000 0.000000 0.000000
0.000000 0.000000 1.000000 0.000000
0.000000 0.000000 0.000000 1.000000
0.972897 0.055392 0.224506 0.000000
-0.030837 0.993293 -0.111439 0.000000
-0.229173 0.101495 0.968080 -0.000000
0.000000 0.000000 -0.000000 1.000000
BoneName: mixamorig1:LeftHand
BoneIndex: 24
ParentIndex: 23
BoneChildCount: 5
25
35
45
55
65
0.092569 0.993916 0.059683 0.000000
0.107903 -0.069600 0.991722 0.000000
0.989842 -0.085363 -0.113689 -0.000000
-0.250726 -0.568911 -1.446642 1.000000
1.000000 0.000000 -0.000000 0.000000
0.000000 1.000000 -0.000000 0.000000
-0.000000 -0.000000 1.000000 -0.000000
0.000000 0.000000 -0.000000 1.000000
BoneName: mixamorig1:LeftHandThumb1_$AssimpFbx$_Translation
BoneIndex: 25
ParentIndex: 24
BoneChildCount: 1
26
1.000000 0.000000 0.000000 0.000000
0.000000 1.000000 0.000000 0.000000
0.000000 0.000000 1.000000 0.000000
0.000000 0.000000 0.000000 1.000000
1.000000 0.000000 -0.000000 0.000000
0.000000 1.000000 -0.000000 0.000000
-0.000000 -0.000000 1.000000 -0.000000
-0.028677 0.039358 -0.011883 1.000000
BoneName: mixamorig1:LeftHandThumb1_$AssimpFbx$_PreRotation
BoneIndex: 26
ParentIndex: 25
BoneChildCount: 1
27
1.000000 0.000000 0.000000 0.000000
0.000000 1.000000 0.000000 0.000000
0.000000 0.000000 1.000000 0.000000
0.000000 0.000000 0.000000 1.000000
0.865114 0.501576 -0.000000 0.000000
-0.487128 0.840194 -0.238286 0.000000
-0.119519 0.206145 0.971195 -0.000000
0.000000 0.000000 -0.000000 1.000000
BoneName: mixamorig1:LeftHandThumb1
BoneIndex: 27
ParentIndex: 26
BoneChildCount: 1
28
0.578606 0.775768 0.251789 0.000000
0.058439 -0.347353 0.935912 0.000000
0.813510 -0.526810 -0.246316 -0.000000
-0.497192 -0.061017 -1.492283 1.000000
1.000000 0.000000 -0.000000 0.000000
0.000000 1.000000 -0.000000 0.000000
-0.000000 -0.000000 1.000000 -0.000000
0.000000 0.000000 -0.000000 1.000000
BoneName: mixamorig1:LeftHandThumb2_$AssimpFbx$_Translation
BoneIndex: 28
ParentIndex: 27
BoneChildCount: 1
29
1.000000 0.000000 0.000000 0.000000
0.000000 1.000000 0.000000 0.000000
0.000000 0.000000 1.000000 0.000000
0.000000 0.000000 0.000000 1.000000
1.000000 0.000000 -0.000000 0.000000
0.000000 1.000000 -0.000000 0.000000
-0.000000 -0.000000 1.000000 -0.000000
-0.004054 0.039896 0.000000 1.000000
BoneName: mixamorig1:LeftHandThumb2_$AssimpFbx$_PreRotation
BoneIndex: 29
ParentIndex: 28
BoneChildCount: 1
30
1.000000 0.000000 0.000000 0.000000
0.000000 1.000000 0.000000 0.000000
0.000000 0.000000 1.000000 0.000000
0.000000 0.000000 0.000000 1.000000
1.000000 0.000000 -0.000000 0.000000
0.000000 0.985752 -0.168204 0.000000
-0.000000 0.168204 0.985752 -0.000000
0.000000 0.000000 -0.000000 1.000000
BoneName: mixamorig1:LeftHandThumb2
BoneIndex: 30
ParentIndex: 29
BoneChildCount: 1
31
0.578606 0.722364 0.378689 0.000000
0.058439 -0.499828 0.864151 0.000000
0.813511 -0.477873 -0.331418 -0.000000
-0.493137 0.151533 -1.487995 1.000000
1.000000 0.000000 -0.000000 0.000000
0.000000 1.000000 -0.000000 0.000000
-0.000000 -0.000000 1.000000 -0.000000
0.000000 0.000000 -0.000000 1.000000
BoneName: mixamorig1:LeftHandThumb3_$AssimpFbx$_Translation
BoneIndex: 31
ParentIndex: 30
BoneChildCount: 1
32
1.000000 0.000000 0.000000 0.000000
0.000000 1.000000 0.000000 0.000000
0.000000 0.000000 1.000000 0.000000
0.000000 0.000000 0.000000 1.000000
1.000000 0.000000 -0.000000 0.000000
0.000000 1.000000 -0.000000 0.000000
-0.000000 -0.000000 1.000000 -0.000000
-0.000373 0.035999 -0.000000 1.000000
BoneName: mixamorig1:LeftHandThumb3_$AssimpFbx$_PreRotation
BoneIndex: 32
ParentIndex: 31
BoneChildCount: 1
33
1.000000 0.000000 0.000000 0.000000
0.000000 1.000000 0.000000 0.000000
0.000000 0.000000 1.000000 0.000000
0.000000 0.000000 0.000000 1.000000
1.000000 0.000000 -0.000000 0.000000
0.000000 1.000000 0.000773 0.000000
-0.000000 -0.000773 1.000000 -0.000000
0.000000 0.000000 -0.000000 1.000000
BoneName: mixamorig1:LeftHandThumb3
BoneIndex: 33
ParentIndex: 32
BoneChildCount: 1
34
0.578607 0.722656 0.378130 0.000000
0.058440 -0.499159 0.864537 0.000000
0.813510 -0.478129 -0.331049 -0.000000
-0.492765 0.114382 -1.488084 1.000000
1.000000 0.000000 -0.000000 0.000000
0.000000 1.000000 -0.000000 0.000000
-0.000000 -0.000000 1.000000 -0.000000
0.000000 0.000000 -0.000000 1.000000
BoneName: mixamorig1:LeftHandThumb4
BoneIndex: 34
ParentIndex: 33
BoneChildCount: 0
1.000000 0.000000 0.000000 0.000000
0.000000 1.000000 0.000000 0.000000
0.000000 0.000000 1.000000 0.000000
0.000000 0.000000 0.000000 1.000000
1.000000 0.000000 -0.000000 0.000000
0.000000 1.000000 -0.000000 0.000000
-0.000000 -0.000000 1.000000 -0.000000
0.004427 0.029791 0.000000 1.000000
BoneName: mixamorig1:LeftHandIndex1_$AssimpFbx$_Translation
BoneIndex: 35
ParentIndex: 24
BoneChildCount: 1
36
1.000000 0.000000 0.000000 0.000000
0.000000 1.000000 0.000000 0.000000
0.000000 0.000000 1.000000 0.000000
0.000000 0.000000 0.000000 1.000000
1.000000 0.000000 -0.000000 0.000000
0.000000 1.000000 -0.000000 0.000000
-0.000000 -0.000000 1.000000 -0.000000
-0.034842 0.117579 -0.001131 1.000000
BoneName: mixamorig1:LeftHandIndex1_$AssimpFbx$_PreRotation
BoneIndex: 36
ParentIndex: 35
BoneChildCount: 1
37
1.000000 0.000000 0.000000 0.000000
0.000000 1.000000 0.000000 0.000000
0.000000 0.000000 1.000000 0.000000
0.000000 0.000000 0.000000 1.000000
0.993147 0.116869 -0.000000 0.000000
-0.116785 0.992435 -0.037860 0.000000
-0.004425 0.037600 0.999283 -0.000000
0.000000 0.000000 -0.000000 1.000000
BoneName: mixamorig1:LeftHandIndex1
BoneIndex: 37
ParentIndex: 36
BoneChildCount: 1
38
0.208093 0.973327 0.096600 0.000000
0.099029 -0.119220 0.987917 0.000000
0.973083 -0.196012 -0.121197 -0.000000
-0.294634 -0.601361 -1.469331 1.000000
1.000000 0.000000 -0.000000 0.000000
0.000000 1.000000 -0.000000 0.000000
-0.000000 -0.000000 1.000000 -0.000000
0.000000 0.000000 -0.000000 1.000000
BoneName: mixamorig1:LeftHandIndex2_$AssimpFbx$_Translation
BoneIndex: 38
ParentIndex: 37
BoneChildCount: 1
39
1.000000 0.000000 0.000000 0.000000
0.000000 1.000000 0.000000 0.000000
0.000000 0.000000 1.000000 0.000000
0.000000 0.000000 0.000000 1.000000
1.000000 0.000000 -0.000000 0.000000
0.000000 1.000000 -0.000000 0.000000
-0.000000 -0.000000 1.000000 -0.000000
0.000231 0.032984 -0.000000 1.000000
BoneName: mixamorig1:LeftHandIndex2_$AssimpFbx$_PreRotation
BoneIndex: 39
ParentIndex: 38
BoneChildCount: 1
40
1.000000 0.000000 0.000000 0.000000
0.000000 1.000000 0.000000 0.000000
0.000000 0.000000 1.000000 0.000000
0.000000 0.000000 0.000000 1.000000
1.000000 0.000000 -0.000000 0.000000
0.000000 0.992575 -0.121635 0.000000
-0.000000 0.121635 0.992575 -0.000000
0.000000 0.000000 -0.000000 1.000000
BoneName: mixamorig1:LeftHandIndex2
BoneIndex: 40
ParentIndex: 39
BoneChildCount: 1
41
0.208093 0.954350 0.214274 0.000000
0.099029 -0.238500 0.966080 0.000000
0.973083 -0.179815 -0.144139 -0.000000
-0.294865 -0.450912 -1.535579 1.000000
1.000000 0.000000 -0.000000 0.000000
0.000000 1.000000 -0.000000 0.000000
-0.000000 -0.000000 1.000000 -0.000000
0.000000 0.000000 -0.000000 1.000000
BoneName: mixamorig1:LeftHandIndex3_$AssimpFbx$_Translation
BoneIndex: 41
ParentIndex: 40
BoneChildCount: 1
42
1.000000 0.000000 0.000000 0.000000
0.000000 1.000000 0.000000 0.000000
0.000000 0.000000 1.000000 0.000000
0.000000 0.000000 0.000000 1.000000
1.000000 0.000000 -0.000000 0.000000
0.000000 1.000000 -0.000000 0.000000
-0.000000 -0.000000 1.000000 -0.000000
-0.000068 0.030810 -0.000000 1.000000
BoneName: mixamorig1:LeftHandIndex3_$AssimpFbx$_PreRotation
BoneIndex: 42
ParentIndex: 41
BoneChildCount: 1
43
1.000000 0.000000 0.000000 0.000000
0.000000 1.000000 0.000000 0.000000
0.000000 0.000000 1.000000 0.000000
0.000000 0.000000 0.000000 1.000000
1.000000 0.000000 -0.000000 0.000000
0.000000 0.998738 -0.050218 0.000000
-0.000000 0.050218 0.998738 -0.000000
0.000000 0.000000 -0.000000 1.000000
BoneName: mixamorig1:LeftHandIndex3
BoneIndex: 43
ParentIndex: 42
BoneChildCount: 1
44
0.208093 0.942386 0.261930 0.000000
0.099029 -0.286715 0.952884 0.000000
0.973083 -0.172350 -0.152987 -0.000000
-0.294797 -0.404000 -1.557833 1.000000
1.000000 0.000000 -0.000000 0.000000
0.000000 1.000000 -0.000000 0.000000
-0.000000 -0.000000 1.000000 -0.000000
0.000000 0.000000 -0.000000 1.000000
BoneName: mixamorig1:LeftHandIndex4
BoneIndex: 44
ParentIndex: 43
BoneChildCount: 0
1.000000 0.000000 0.000000 0.000000
0.000000 1.000000 0.000000 0.000000
0.000000 0.000000 1.000000 0.000000
0.000000 0.000000 0.000000 1.000000
1.000000 0.000000 -0.000000 0.000000
0.000000 1.000000 -0.000000 0.000000
-0.000000 -0.000000 1.000000 -0.000000
-0.000163 0.027121 0.000000 1.000000
BoneName: mixamorig1:LeftHandMiddle1_$AssimpFbx$_Translation
BoneIndex: 45
ParentIndex: 24
BoneChildCount: 1
46
1.000000 0.000000 0.000000 0.000000
0.000000 1.000000 0.000000 0.000000
0.000000 0.000000 1.000000 0.000000
0.000000 0.000000 0.000000 1.000000
1.000000 0.000000 -0.000000 0.000000
0.000000 1.000000 -0.000000 0.000000
-0.000000 -0.000000 1.000000 -0.000000
-0.010293 0.123471 0.003158 1.000000
BoneName: mixamorig1:LeftHandMiddle1_$AssimpFbx$_PreRotation
BoneIndex: 46
ParentIndex: 45
BoneChildCount: 1
47
1.000000 0.000000 0.000000 0.000000
0.000000 1.000000 0.000000 0.000000
0.000000 0.000000 1.000000 0.000000
0.000000 0.000000 0.000000 1.000000
0.999996 -0.002946 0.000000 0.000000
0.002934 0.995795 -0.091567 0.000000
0.000270 0.091566 0.995799 -0.000000
0.000000 0.000000 -0.000000 1.000000
BoneName: mixamorig1:LeftHandMiddle1
BoneIndex: 47
ParentIndex: 46
BoneChildCount: 1
48
0.089640 0.984543 0.150467 0.000000
0.108108 -0.159801 0.981212 0.000000
0.990090 -0.071689 -0.120761 -0.000000
-0.238392 -0.557422 -1.507174 1.000000
1.000000 0.000000 -0.000000 0.000000
0.000000 1.000000 -0.000000 0.000000
-0.000000 -0.000000 1.000000 -0.000000
0.000000 0.000000 -0.000000 1.000000
BoneName: mixamorig1:LeftHandMiddle2_$AssimpFbx$_Translation
BoneIndex: 48
ParentIndex: 47
BoneChildCount: 1
49
1.000000 0.000000 0.000000 0.000000
0.000000 1.000000 0.000000 0.000000
0.000000 0.000000 1.000000 0.000000
0.000000 0.000000 0.000000 1.000000
1.000000 0.000000 -0.000000 0.000000
0.000000 1.000000 -0.000000 0.000000
-0.000000 -0.000000 1.000000 -0.000000
0.000099 0.034322 0.000000 1.000000
BoneName: mixamorig1:LeftHandMiddle2_$AssimpFbx$_PreRotation
BoneIndex: 49
ParentIndex: 48
BoneChildCount: 1
50
1.000000 0.000000 0.000000 0.000000
0.000000 1.000000 0.000000 0.000000
0.000000 0.000000 1.000000 0.000000
0.000000 0.000000 0.000000 1.000000
1.000000 0.000000 -0.000000 0.000000
0.000000 0.994450 -0.105210 0.000000
-0.000000 0.105210 0.994450 -0.000000
0.000000 0.000000 -0.000000 1.000000
BoneName: mixamorig1:LeftHandMiddle2
BoneIndex: 50
ParentIndex: 49
BoneChildCount: 1
51
0.089640 0.963247 0.253216 0.000000
0.108107 -0.262148 0.958953 0.000000
0.990090 -0.058586 -0.127633 -0.000000
-0.238491 -0.429888 -1.561067 1.000000
1.000000 0.000000 -0.000000 0.000000
0.000000 1.000000 -0.000000 0.000000
-0.000000 -0.000000 1.000000 -0.000000
0.000000 0.000000 -0.000000 1.000000
BoneName: mixamorig1:LeftHandMiddle3_$AssimpFbx$_Translation
BoneIndex: 51
ParentIndex: 50
BoneChildCount: 1
52
1.000000 0.000000 0.000000 0.000000
0.000000 1.000000 0.000000 0.000000
0.000000 0.000000 1.000000 0.000000
0.000000 0.000000 0.000000 1.000000
1.000000 0.000000 -0.000000 0.000000
0.000000 1.000000 -0.000000 0.000000
-0.000000 -0.000000 1.000000 -0.000000
-0.000100 0.031609 -0.000000 1.000000
BoneName: mixamorig1:LeftHandMiddle3_$AssimpFbx$_PreRotation
BoneIndex: 52
ParentIndex: 51
BoneChildCount: 1
53
1.000000 0.000000 0.000000 0.000000
0.000000 1.000000 0.000000 0.000000
0.000000 0.000000 1.000000 0.000000
0.000000 0.000000 0.000000 1.000000
1.000000 0.000000 -0.000000 0.000000
0.000000 0.998477 0.055161 0.000000
-0.000000 -0.055161 0.998477 -0.000000
0.000000 0.000000 -0.000000 1.000000
BoneName: mixamorig1:LeftHandMiddle3
BoneIndex: 53
ParentIndex: 52
BoneChildCount: 1
54
0.089640 0.975749 0.199696 0.000000
0.108108 -0.208851 0.971954 0.000000
0.990090 -0.065537 -0.124207 -0.000000
-0.238391 -0.546906 -1.533233 1.000000
1.000000 0.000000 -0.000000 0.000000
0.000000 1.000000 -0.000000 0.000000
-0.000000 -0.000000 1.000000 -0.000000
0.000000 0.000000 -0.000000 1.000000
BoneName: mixamorig1:LeftHandMiddle4
BoneIndex: 54
ParentIndex: 53
BoneChildCount: 0
1.000000 0.000000 0.000000 0.000000
0.000000 1.000000 0.000000 0.000000
0.000000 0.000000 1.000000 0.000000
0.000000 0.000000 0.000000 1.000000
1.000000 0.000000 -0.000000 0.000000
0.000000 1.000000 -0.000000 0.000000
-0.000000 -0.000000 1.000000 -0.000000
0.000000 0.028764 -0.000000 1.000000
BoneName: mixamorig1:LeftHandRing1_$AssimpFbx$_Translation
BoneIndex: 55
ParentIndex: 24
BoneChildCount: 1
56
1.000000 0.000000 0.000000 0.000000
0.000000 1.000000 0.000000 0.000000
0.000000 0.000000 1.000000 0.000000
0.000000 0.000000 0.000000 1.000000
1.000000 0.000000 -0.000000 0.000000
0.000000 1.000000 -0.000000 0.000000
-0.000000 -0.000000 1.000000 -0.000000
0.012667 0.125059 0.002771 1.000000
BoneName: mixamorig1:LeftHandRing1_$AssimpFbx$_PreRotation
BoneIndex: 56
ParentIndex: 55
BoneChildCount: 1
57
1.000000 0.000000 0.000000 0.000000
0.000000 1.000000 0.000000 0.000000
0.000000 0.000000 1.000000 0.000000
0.000000 0.000000 0.000000 1.000000
0.998875 -0.047426 0.000000 0.000000
0.045997 0.968770 -0.243656 0.000000
0.011556 0.243382 0.969862 -0.000000
0.000000 0.000000 -0.000000 1.000000
BoneName: mixamorig1:LeftHandRing1
BoneIndex: 57
ParentIndex: 56
BoneChildCount: 1
58
0.045327 0.952594 0.300851 0.000000
0.111082 -0.304099 0.946142 0.000000
0.992777 -0.009467 -0.119600 -0.000000
-0.230185 -0.331260 -1.577673 1.000000
1.000000 0.000000 -0.000000 0.000000
0.000000 1.000000 -0.000000 0.000000
-0.000000 -0.000000 1.000000 -0.000000
0.000000 0.000000 -0.000000 1.000000
BoneName: mixamorig1:LeftHandRing2_$AssimpFbx$_Translation
BoneIndex: 58
ParentIndex: 57
BoneChildCount: 1
59
1.000000 0.000000 0.000000 0.000000
0.000000 1.000000 0.000000 0.000000
0.000000 0.000000 1.000000 0.000000
0.000000 0.000000 0.000000 1.000000
1.000000 0.000000 -0.000000 0.000000
0.000000 1.000000 -0.000000 0.000000
-0.000000 -0.000000 1.000000 -0.000000
-0.000066 0.027261 -0.000000 1.000000
BoneName: mixamorig1:LeftHandRing2_$AssimpFbx$_PreRotation
BoneIndex: 59
ParentIndex: 58
BoneChildCount: 1
60
1.000000 0.000000 0.000000 0.000000
0.000000 1.000000 0.000000 0.000000
0.000000 0.000000 1.000000 0.000000
0.000000 0.000000 0.000000 1.000000
1.000000 0.000000 -0.000000 0.000000
0.000000 0.997188 0.074939 0.000000
-0.000000 -0.074939 0.997188 -0.000000
0.000000 0.000000 -0.000000 1.000000
BoneName: mixamorig1:LeftHandRing2
BoneIndex: 60
ParentIndex: 59
BoneChildCount: 1
61
0.045327 0.972460 0.228619 0.000000
0.111083 -0.232341 0.966271 0.000000
0.992777 -0.018403 -0.118555 -0.000000
-0.230120 -0.475743 -1.546368 1.000000
1.000000 0.000000 -0.000000 0.000000
0.000000 1.000000 -0.000000 0.000000
-0.000000 -0.000000 1.000000 -0.000000
0.000000 0.000000 -0.000000 1.000000
BoneName: mixamorig1:LeftHandRing3_$AssimpFbx$_Translation
BoneIndex: 61
ParentIndex: 60
BoneChildCount: 1
62
1.000000 0.000000 0.000000 0.000000
0.000000 1.000000 0.000000 0.000000
0.000000 0.000000 1.000000 0.000000
0.000000 0.000000 0.000000 1.000000
1.000000 0.000000 -0.000000 0.000000
0.000000 1.000000 -0.000000 0.000000
-0.000000 -0.000000 1.000000 -0.000000
0.000034 0.026203 0.000000 1.000000
BoneName: mixamorig1:LeftHandRing3_$AssimpFbx$_PreRotation
BoneIndex: 62
ParentIndex: 61
BoneChildCount: 1
63
1.000000 0.000000 0.000000 0.000000
0.000000 1.000000 0.000000 0.000000
0.000000 0.000000 1.000000 0.000000
0.000000 0.000000 0.000000 1.000000
1.000000 0.000000 -0.000000 0.000000
0.000000 0.999991 0.004291 0.000000
-0.000000 -0.004291 0.999991 -0.000000
0.000000 0.000000 -0.000000 1.000000
BoneName: mixamorig1:LeftHandRing3
BoneIndex: 63
ParentIndex: 62
BoneChildCount: 1
64
0.045327 0.973433 0.224444 0.000000
0.111083 -0.228193 0.967259 0.000000
0.992777 -0.018911 -0.118475 -0.000000
-0.230154 -0.508577 -1.544201 1.000000
1.000000 0.000000 -0.000000 0.000000
0.000000 1.000000 -0.000000 0.000000
-0.000000 -0.000000 1.000000 -0.000000
0.000000 0.000000 -0.000000 1.000000
BoneName: mixamorig1:LeftHandRing4
BoneIndex: 64
ParentIndex: 63
BoneChildCount: 0
1.000000 0.000000 0.000000 0.000000
0.000000 1.000000 0.000000 0.000000
0.000000 0.000000 1.000000 0.000000
0.000000 0.000000 0.000000 1.000000
1.000000 0.000000 -0.000000 0.000000
0.000000 1.000000 -0.000000 0.000000
-0.000000 -0.000000 1.000000 -0.000000
0.000032 0.022269 -0.000000 1.000000
BoneName: mixamorig1:LeftHandPinky1_$AssimpFbx$_Translation
BoneIndex: 65
ParentIndex: 24
BoneChildCount: 1
66
1.000000 0.000000 0.000000 0.000000
0.000000 1.000000 0.000000 0.000000
0.000000 0.000000 1.000000 0.000000
0.000000 0.000000 0.000000 1.000000
1.000000 0.000000 -0.000000 0.000000
0.000000 1.000000 -0.000000 0.000000
-0.000000 -0.000000 1.000000 -0.000000
0.032468 0.111020 0.001128 1.000000
BoneName: mixamorig1:LeftHandPinky1_$AssimpFbx$_PreRotation
BoneIndex: 66
ParentIndex: 65
BoneChildCount: 1
67
1.000000 0.000000 0.000000 0.000000
0.000000 1.000000 0.000000 0.000000
0.000000 0.000000 1.000000 0.000000
0.000000 0.000000 0.000000 1.000000
0.994413 -0.105563 0.000000 0.000000
0.103643 0.976326 -0.189858 0.000000
0.020042 0.188797 0.981812 -0.000000
0.000000 0.000000 -0.000000 1.000000
BoneName: mixamorig1:LeftHandPinky1
BoneIndex: 67
ParentIndex: 66
BoneChildCount: 1
68
-0.012869 0.968649 0.248099 0.000000
0.114647 -0.245054 0.962707 0.000000
0.993323 0.040833 -0.107899 -0.000000
-0.209836 -0.418316 -1.555482 1.000000
1.000000 0.000000 -0.000000 0.000000
0.000000 1.000000 -0.000000 0.000000
-0.000000 -0.000000 1.000000 -0.000000
0.000000 0.000000 -0.000000 1.000000
BoneName: mixamorig1:LeftHandPinky2_$AssimpFbx$_Translation
BoneIndex: 68
ParentIndex: 67
BoneChildCount: 1
69
1.000000 0.000000 0.000000 0.000000
0.000000 1.000000 0.000000 0.000000
0.000000 0.000000 1.000000 0.000000
0.000000 0.000000 0.000000 1.000000
1.000000 0.000000 -0.000000 0.000000
0.000000 1.000000 -0.000000 0.000000
-0.000000 -0.000000 1.000000 -0.000000
0.000084 0.027346 0.000000 1.000000
BoneName: mixamorig1:LeftHandPinky2_$AssimpFbx$_PreRotation
BoneIndex: 69
ParentIndex: 68
BoneChildCount: 1
70
1.000000 0.000000 0.000000 0.000000
0.000000 1.000000 0.000000 0.000000
0.000000 0.000000 1.000000 0.000000
0.000000 0.000000 0.000000 1.000000
1.000000 0.000000 -0.000000 0.000000
0.000000 0.996843 -0.079401 0.000000
-0.000000 0.079401 0.996843 -0.000000
0.000000 0.000000 -0.000000 1.000000
BoneName: mixamorig1:LeftHandPinky2
BoneIndex: 70
ParentIndex: 69
BoneChildCount: 1
71
-0.012869 0.945892 0.324227 0.000000
0.114647 -0.320719 0.940210 0.000000
0.993323 0.049271 -0.104316 -0.000000
-0.209920 -0.320751 -1.585957 1.000000
1.000000 0.000000 -0.000000 0.000000
0.000000 1.000000 -0.000000 0.000000
-0.000000 -0.000000 1.000000 -0.000000
0.000000 0.000000 -0.000000 1.000000
BoneName: mixamorig1:LeftHandPinky3_$AssimpFbx$_Translation
BoneIndex: 71
ParentIndex: 70
BoneChildCount: 1
72
1.000000 0.000000 0.000000 0.000000
0.000000 1.000000 0.000000 0.000000
0.000000 0.000000 1.000000 0.000000
0.000000 0.000000 0.000000 1.000000
1.000000 0.000000 -0.000000 0.000000
0.000000 1.000000 -0.000000 0.000000
-0.000000 -0.000000 1.000000 -0.000000
-0.000029 0.021940 -0.000000 1.000000
BoneName: mixamorig1:LeftHandPinky3_$AssimpFbx$_PreRotation
BoneIndex: 72
ParentIndex: 71
BoneChildCount: 1
73
1.000000 0.000000 0.000000 0.000000
0.000000 1.000000 0.000000 0.000000
0.000000 0.000000 1.000000 0.000000
0.000000 0.000000 0.000000 1.000000
1.000000 0.000000 -0.000000 0.000000
0.000000 0.999637 -0.026939 0.000000
-0.000000 0.026939 0.999637 -0.000000
0.000000 0.000000 -0.000000 1.000000
BoneName: mixamorig1:LeftHandPinky3
BoneIndex: 73
ParentIndex: 72
BoneChildCount: 1
74
-0.012869 0.936814 0.349592 0.000000
0.114647 -0.345933 0.931228 0.000000
0.993323 0.052063 -0.102951 -0.000000
-0.209891 -0.299839 -1.594613 1.000000
1.000000 0.000000 -0.000000 0.000000
0.000000 1.000000 -0.000000 0.000000
-0.000000 -0.000000 1.000000 -0.000000
0.000000 0.000000 -0.000000 1.000000
BoneName: mixamorig1:LeftHandPinky4
BoneIndex: 74
ParentIndex: 73
BoneChildCount: 0
1.000000 0.000000 0.000000 0.000000
0.000000 1.000000 0.000000 0.000000
0.000000 0.000000 1.000000 0.000000
0.000000 0.000000 0.000000 1.000000
1.000000 0.000000 -0.000000 0.000000
0.000000 1.000000 -0.000000 0.000000
-0.000000 -0.000000 1.000000 -0.000000
-0.000055 0.019755 -0.000000 1.000000
BoneName: mixamorig1:RightShoulder_$AssimpFbx$_Translation
BoneIndex: 75
ParentIndex: 7
BoneChildCount: 1
76
1.000000 0.000000 0.000000 0.000000
0.000000 1.000000 0.000000 0.000000
0.000000 0.000000 1.000000 0.000000
0.000000 0.000000 0.000000 1.000000
1.000000 0.000000 -0.000000 0.000000
0.000000 1.000000 -0.000000 0.000000
-0.000000 -0.000000 1.000000 -0.000000
-0.061402 0.129937 0.001759 1.000000
BoneName: mixamorig1:RightShoulder_$AssimpFbx$_PreRotation
BoneIndex: 76
ParentIndex: 75
BoneChildCount: 1
77
1.000000 0.000000 0.000000 0.000000
0.000000 1.000000 0.000000 0.000000
0.000000 0.000000 1.000000 0.000000
0.000000 0.000000 0.000000 1.000000
-0.028401 0.000112 -0.999597 0.000000
-0.964558 -0.262446 0.027376 0.000000
-0.262337 0.964947 0.007562 -0.000000
0.000000 0.000000 -0.000000 1.000000
BoneName: mixamorig1:RightShoulder
BoneIndex: 77
ParentIndex: 76
BoneChildCount: 1
78
-0.028401 -0.964558 -0.262337 0.000000
0.120635 -0.263832 0.956995 0.000000
-0.992291 -0.004467 0.123853 -0.000000
-0.150225 0.327792 -1.423018 1.000000
1.000000 0.000000 -0.000000 0.000000
0.000000 1.000000 -0.000000 0.000000
-0.000000 -0.000000 1.000000 -0.000000
0.000000 0.000000 -0.000000 1.000000
BoneName: mixamorig1:RightArm_$AssimpFbx$_Translation
BoneIndex: 78
ParentIndex: 77
BoneChildCount: 1
79
1.000000 0.000000 0.000000 0.000000
0.000000 1.000000 0.000000 0.000000
0.000000 0.000000 1.000000 0.000000
0.000000 0.000000 0.000000 1.000000
1.000000 0.000000 -0.000000 0.000000
0.000000 1.000000 -0.000000 0.000000
-0.000000 -0.000000 1.000000 -0.000000
0.000000 0.130059 0.000000 1.000000
BoneName: mixamorig1:RightArm_$AssimpFbx$_PreRotation
BoneIndex: 79
ParentIndex: 78
BoneChildCount: 1
80
1.000000 0.000000 0.000000 0.000000
0.000000 1.000000 0.000000 0.000000
0.000000 0.000000 1.000000 0.000000
0.000000 0.000000 0.000000 1.000000
0.998925 0.046360 0.000000 0.000000
-0.045433 0.978958 0.198938 0.000000
0.009223 -0.198725 0.980012 -0.000000
0.000000 0.000000 -0.000000 1.000000
BoneName: mixamorig1:RightArm
BoneIndex: 80
ParentIndex: 79
BoneChildCount: 1
81
-0.073087 -0.995161 -0.065674 0.000000
0.108274 -0.073378 0.991409 0.000000
-0.991431 0.065348 0.113113 -0.000000
-0.140896 -0.082695 -1.435254 1.000000
1.000000 0.000000 -0.000000 0.000000
0.000000 1.000000 -0.000000 0.000000
-0.000000 -0.000000 1.000000 -0.000000
0.000000 0.000000 -0.000000 1.000000
BoneName: mixamorig1:RightForeArm_$AssimpFbx$_Translation
BoneIndex: 81
ParentIndex: 80
BoneChildCount: 1
82
1.000000 0.000000 0.000000 0.000000
0.000000 1.000000 0.000000 0.000000
0.000000 0.000000 1.000000 0.000000
0.000000 0.000000 0.000000 1.000000
1.000000 0.000000 -0.000000 0.000000
0.000000 1.000000 -0.000000 0.000000
-0.000000 -0.000000 1.000000 -0.000000
0.000000 0.255711 0.000000 1.000000
BoneName: mixamorig1:RightForeArm_$AssimpFbx$_PreRotation
BoneIndex: 82
ParentIndex: 81
BoneChildCount: 1
83
1.000000 0.000000 0.000000 0.000000
0.000000 1.000000 0.000000 0.000000
0.000000 0.000000 1.000000 0.000000
0.000000 0.000000 0.000000 1.000000
0.993221 -0.116245 -0.000000 0.000000
0.115681 0.988405 0.098351 0.000000
-0.011433 -0.097684 0.995152 -0.000000
0.000000 0.000000 -0.000000 1.000000
BoneName: mixamorig1:RightForeArm
BoneIndex: 83
ParentIndex: 82
BoneChildCount: 1
84
0.043091 -0.998536 0.032692 0.000000
0.116070 0.037505 0.992533 0.000000
-0.992306 -0.038975 0.117516 -0.000000
-0.100602 -0.491941 -1.393628 1.000000
1.000000 0.000000 -0.000000 0.000000
0.000000 1.000000 -0.000000 0.000000
-0.000000 -0.000000 1.000000 -0.000000
0.000000 0.000000 -0.000000 1.000000
BoneName: mixamorig1:RightHand_$AssimpFbx$_Translation
BoneIndex: 84
ParentIndex: 83
BoneChildCount: 1
85
1.000000 0.000000 0.000000 0.000000
0.000000 1.000000 0.000000 0.000000
0.000000 0.000000 1.000000 0.000000
0.000000 0.000000 0.000000 1.000000
1.000000 0.000000 -0.000000 0.000000
0.000000 1.000000 -0.000000 0.000000
-0.000000 -0.000000 1.000000 -0.000000
0.000000 0.234017 0.000000 1.000000
BoneName: mixamorig1:RightHand_$AssimpFbx$_PreRotation
BoneIndex: 85
ParentIndex: 84
BoneChildCount: 1
86
1.000000 0.000000 0.000000 0.000000
0.000000 1.000000 0.000000 0.000000
0.000000 0.000000 1.000000 0.000000
0.000000 0.000000 0.000000 1.000000
0.974485 -0.067558 -0.214046 0.000000
0.043540 0.992410 -0.115005 0.000000
0.220191 0.102751 0.970030 -0.000000
0.000000 0.000000 -0.000000 1.000000
BoneName: mixamorig1:RightHand
BoneIndex: 86
ParentIndex: 85
BoneChildCount: 5
87
97
107
117
127
0.102454 -0.992841 -0.061402 0.000000
-0.101873 -0.071875 0.992198 0.000000
-0.989508 -0.095399 -0.108507 -0.000000
0.249308 -0.564551 -1.448606 1.000000
1.000000 0.000000 -0.000000 0.000000
0.000000 1.000000 -0.000000 0.000000
-0.000000 -0.000000 1.000000 -0.000000
0.000000 0.000000 -0.000000 1.000000
BoneName: mixamorig1:RightHandThumb1_$AssimpFbx$_Translation
BoneIndex: 87
ParentIndex: 86
BoneChildCount: 1
88
1.000000 0.000000 0.000000 0.000000
0.000000 1.000000 0.000000 0.000000
0.000000 0.000000 1.000000 0.000000
0.000000 0.000000 0.000000 1.000000
1.000000 0.000000 -0.000000 0.000000
0.000000 1.000000 -0.000000 0.000000
-0.000000 -0.000000 1.000000 -0.000000
0.028851 0.040543 -0.012120 1.000000
BoneName: mixamorig1:RightHandThumb1_$AssimpFbx$_PreRotation
BoneIndex: 88
ParentIndex: 87
BoneChildCount: 1
89
1.000000 0.000000 0.000000 0.000000
0.000000 1.000000 0.000000 0.000000
0.000000 0.000000 1.000000 0.000000
0.000000 0.000000 0.000000 1.000000
0.872429 -0.488741 -0.000000 0.000000
0.474703 0.847371 -0.237948 0.000000
0.116295 0.207593 0.971278 -0.000000
0.000000 0.000000 -0.000000 1.000000
BoneName: mixamorig1:RightHandThumb1
BoneIndex: 89
ParentIndex: 88
BoneChildCount: 1
90
0.574625 -0.778059 -0.253829 0.000000
-0.053749 -0.345354 0.936932 0.000000
-0.816649 -0.524742 -0.240269 -0.000000
0.488068 -0.066279 -1.495202 1.000000
1.000000 0.000000 -0.000000 0.000000
0.000000 1.000000 -0.000000 0.000000
-0.000000 -0.000000 1.000000 -0.000000
0.000000 0.000000 -0.000000 1.000000
BoneName: mixamorig1:RightHandThumb2_$AssimpFbx$_Translation
BoneIndex: 90
ParentIndex: 89
BoneChildCount: 1
91
1.000000 0.000000 0.000000 0.000000
0.000000 1.000000 0.000000 0.000000
0.000000 0.000000 1.000000 0.000000
0.000000 0.000000 0.000000 1.000000
1.000000 0.000000 -0.000000 0.000000
0.000000 1.000000 -0.000000 0.000000
-0.000000 -0.000000 1.000000 -0.000000
0.004284 0.040748 -0.000000 1.000000
BoneName: mixamorig1:RightHandThumb2_$AssimpFbx$_PreRotation
BoneIndex: 91
ParentIndex: 90
BoneChildCount: 1
92
1.000000 0.000000 0.000000 0.000000
0.000000 1.000000 0.000000 0.000000
0.000000 0.000000 1.000000 0.000000
0.000000 0.000000 0.000000 1.000000
1.000000 0.000000 -0.000000 0.000000
0.000000 0.984816 -0.173600 0.000000
-0.000000 0.173600 0.984816 -0.000000
0.000000 0.000000 -0.000000 1.000000
BoneName: mixamorig1:RightHandThumb2
BoneIndex: 92
ParentIndex: 91
BoneChildCount: 1
93
0.574625 -0.722181 -0.385046 0.000000
-0.053749 -0.502762 0.862752 0.000000
-0.816649 -0.475064 -0.327716 -0.000000
0.483784 0.154165 -1.491079 1.000000
1.000000 0.000000 -0.000000 0.000000
0.000000 1.000000 -0.000000 0.000000
-0.000000 -0.000000 1.000000 -0.000000
0.000000 0.000000 -0.000000 1.000000
BoneName: mixamorig1:RightHandThumb3_$AssimpFbx$_Translation
BoneIndex: 93
ParentIndex: 92
BoneChildCount: 1
94
1.000000 0.000000 0.000000 0.000000
0.000000 1.000000 0.000000 0.000000
0.000000 0.000000 1.000000 0.000000
0.000000 0.000000 0.000000 1.000000
1.000000 0.000000 -0.000000 0.000000
0.000000 1.000000 -0.000000 0.000000
-0.000000 -0.000000 1.000000 -0.000000
0.000365 0.035304 -0.000000 1.000000
BoneName: mixamorig1:RightHandThumb3_$AssimpFbx$_PreRotation
BoneIndex: 94
ParentIndex: 93
BoneChildCount: 1
95
1.000000 0.000000 0.000000 0.000000
0.000000 1.000000 0.000000 0.000000
0.000000 0.000000 1.000000 0.000000
0.000000 0.000000 0.000000 1.000000
1.000000 0.000000 -0.000000 0.000000
0.000000 0.994901 0.100853 0.000000
-0.000000 -0.100853 0.994901 -0.000000
0.000000 0.000000 -0.000000 1.000000
BoneName: mixamorig1:RightHandThumb3
BoneIndex: 95
ParentIndex: 94
BoneChildCount: 1
96
0.574626 -0.757332 -0.310248 0.000000
-0.053749 -0.413186 0.909059 0.000000
-0.816649 -0.505693 -0.278134 -0.000000
0.483421 -0.032127 -1.495464 1.000000
1.000000 0.000000 -0.000000 0.000000
0.000000 1.000000 -0.000000 0.000000
-0.000000 -0.000000 1.000000 -0.000000
0.000000 0.000000 -0.000000 1.000000
BoneName: mixamorig1:RightHandThumb4
BoneIndex: 96
ParentIndex: 95
BoneChildCount: 0
1.000000 0.000000 0.000000 0.000000
0.000000 1.000000 0.000000 0.000000
0.000000 0.000000 1.000000 0.000000
0.000000 0.000000 0.000000 1.000000
1.000000 0.000000 -0.000000 0.000000
0.000000 1.000000 -0.000000 0.000000
-0.000000 -0.000000 1.000000 -0.000000
-0.004649 0.028735 0.000000 1.000000
BoneName: mixamorig1:RightHandIndex1_$AssimpFbx$_Translation
BoneIndex: 97
ParentIndex: 86
BoneChildCount: 1
98
1.000000 0.000000 0.000000 0.000000
0.000000 1.000000 0.000000 0.000000
0.000000 0.000000 1.000000 0.000000
0.000000 0.000000 0.000000 1.000000
1.000000 0.000000 -0.000000 0.000000
0.000000 1.000000 -0.000000 0.000000
-0.000000 -0.000000 1.000000 -0.000000
0.036145 0.123466 0.000078 1.000000
BoneName: mixamorig1:RightHandIndex1_$AssimpFbx$_PreRotation
BoneIndex: 98
ParentIndex: 97
BoneChildCount: 1
99
1.000000 0.000000 0.000000 0.000000
0.000000 1.000000 0.000000 0.000000
0.000000 0.000000 1.000000 0.000000
0.000000 0.000000 0.000000 1.000000
0.998107 -0.061494 -0.000000 0.000000
0.061250 0.994143 -0.089035 0.000000
0.005475 0.088866 0.996029 -0.000000
0.000000 0.000000 -0.000000 1.000000
BoneName: mixamorig1:RightHandIndex1
BoneIndex: 99
ParentIndex: 98
BoneChildCount: 1
100
0.163314 -0.975284 -0.148827 0.000000
-0.097259 -0.166033 0.981312 0.000000
-0.981768 -0.145787 -0.121971 -0.000000
0.255069 -0.541949 -1.502905 1.000000
1.000000 0.000000 -0.000000 0.000000
0.000000 1.000000 -0.000000 0.000000
-0.000000 -0.000000 1.000000 -0.000000
0.000000 0.000000 -0.000000 1.000000
BoneName: mixamorig1:RightHandIndex2_$AssimpFbx$_Translation
BoneIndex: 100
ParentIndex: 99
BoneChildCount: 1
101
1.000000 0.000000 0.000000 0.000000
0.000000 1.000000 0.000000 0.000000
0.000000 0.000000 1.000000 0.000000
0.000000 0.000000 0.000000 1.000000
1.000000 0.000000 -0.000000 0.000000
0.000000 1.000000 -0.000000 0.000000
-0.000000 -0.000000 1.000000 -0.000000
-0.000119 0.031174 -0.000000 1.000000
BoneName: mixamorig1:RightHandIndex2_$AssimpFbx$_PreRotation
BoneIndex: 101
ParentIndex: 100
